INTRIN = ON
99583310
45066359
31756312
31244824
28447536
31097103
29535772
28718201
28354017
28610436
28152124
31296943
29864979
44399248
40680802
36619069
32076502
45298850
27504204
31180837
29394875
27299656
28155363
27927324
27820194
28078976
28102053
29954388
32058933
30455095
27133148
27669649
28019719
26925006
52647949
29489500
28296858
28644382
40243283
29082578
27270095
28618495
28238491
28545498
30683454
29448701
28859472
29863135
39909380
32776141
29675172
28532617
52339594
28893800
28473385
29069868
28091958
29134972
29614086
30302605
28586978
29776444
28010546
29752463
28164572
29711783
28768217
28374507
35127363
31618831
37767922
44606780
28514551
29648600
29686334
30446886
28656772
31088997
30941243
28922771
28454409
27845662
29019994
27901865
28293817
28379807
29056925
28227059
27970956
48661506
37266960
30043722
29849009
28501768
29156179
29640938
39856266
28541700
28618035
27799636
29854183
29529916
28659685
32968419
30470917
31111880
40498522
30566532
48603236
29749123
28381344
29945060
31084198
31332691
29360652
28543841
36405431
30356505
29510580
28872799
28526009
27727472
28191851
27670509
30776040
