INTRIN = ON
1659326954
267099200
246026792
227087662
228845446
227791963
226157501
228471076
223972723
227550903
232385297
244464847
307216414
277058553
277941529
278710434
381552722
228977308
229518149
288172649
227009380
223672672
230493635
224421875
227204048
226358928
235537819
232860635
233240777
226474951
231577870
237750312
239320012
267146886
347715401
240800150
249428926
244691338
247460414
226407840
226563196
229277304
233721035
268107069
229951012
228423434
232552329
231456225
238957779
234543364
227401149
255225440
319806534
247589620
225847274
224886084
228161312
230510343
238179677
236211462
236845258
228961597
226067823
222674305
230309220
228225638
220896417
228945666
257634617
259605196
304552824
268834093
231826903
229879843
221808843
230720554
223757415
223963634
224947604
225737153
221676327
233815857
224412839
238634648
224575902
223945437
227012204
229516488
258366720
350312264
242669910
218733833
233901454
224296815
233969081
230857287
220960851
225924269
232163691
226902568
222025346
223755681
230046796
227620183
238317561
264234726
302698732
317553565
350834839
231185278
222551823
230258667
235283968
222809483
230749818
230173611
251484261
225411044
228205942
226761736
231415165
228430351
220834601
228783837
244051500
